30375
2583
31371
7072
26343
33033
47226
11013
31333
42223
46789
22724
26519
25452
15723
2519
20525
49186
40110
37537
32124
40630
27850
19981
48988
34365
7682
42007
29940
49056
45522
8487
9528
21812
47531
10459
22327
29840
27026
32235
15794
38012
34737
5708
35416
26129
32001
8166
23696
27258
31314
6685
45123
31933
7324
16747
9335
6295
15279
1824
19729
31973
38676
27319
16947
44287
4031
42944
34360
23799
31960
22719
5982
40192
23157
26665
2215
18748
26501
31312
4883
34905
18658
48933
34777
40047
14692
39146
33867
12676
28498
868
30097
33576
16843
33323
44579
18008
21018
8052
29984
47733
28153
30606
33695
30519
38708
8409
32263
28679
42771
45554
25980
932
21056
565
26099
24427
26428
40602
20591
48837
28869
38039
24997
19127
31345
39829
29174
30395
24350
4509
31991
21059
13154
34369
18464
7105
8207
7751
23084
29733
23091
1194
34291
22118
4974
16210
27477
23926
22666
26962
47540
25700
15240
41394
41338
41072
40549
32888
37206
33743
37442
23991
34807
30092
45058
25128
24554
34884
32299
44273
16513
22757
28030
47858
2028
18363
33685
17800
37648
18544
8899
22518
22126
41556
49788
18180
8833
38422
9065
2988
35979
17913
29365
49015
2389
44917
49709
23890
14618
6304
12749
33632
6350
46362
24456
14174
25266
26450
17870
3184
9647
16423
7713
37711
34914
43522
44532
19673
16350
2237
217
10915
1474
9647
7675
32326
48499
7314
12681
1290
21906
40369
19797
17387
21816
37094
42444
24736
49479
13471
23584
35707
35905
23691
14761
18431
24253
30921
40929
11429
30910
18789
48601
17894
829
42664
39664
1078
38762
42065
28077
35343
9865
26123
12028
23412
22536
30388
33698
11503
42246
43970
47588
16305
15052
49286
20285
3627
14249
17736
34686
1858
8061
2137
12276
30932
43684
22125
14141
20847
24054
3566
1863
46760
9427
11315
33526
28464
37552
348
24613
46134
45921
27448
28697
42512
3468
34685
48776
29504
47793
38040
43000
7423
46420
1581
25696
12979
48344
23879
42482
2484
18182
16277
49823
6375
10335
7731
3258
24760
43004
8355
26628
46618
45900
30788
9634
4335
22155
19664
3212
36492
34453
1428
27831
47728
3235
22804
28610
49846
47285
16595
28220
9513
18125
43705
23206
37426
35629
8256
26450
39921
20611
6676
22621
43385
23770
5070
31814
23656
9828
7314
19259
36257
20619
30300
27352
26878
49585
10728
25953
15531
27219
11463
12650
49284
19019
19401
9420
48055
36234
15297
14012
46905
40997
10953
10527
46798
43819
25174
31865
11569
40258
17941
13169
34002
14170
45308
49269
41058
11141
17394
28677
402
40435
12009
32697
5541
10828
31971
26797
1310
30298
7321
20244
15683
13348
1793
19430
48060
27307
27226
18
46306
16589
30488
17451
44523
30219
27897
642
41426
18911
39557
26996
4026
5615
3211
37387
39805
46549
34452
39110
1428
20461
3915
23852
15109
5681
18074
40598
27885
30489
12170
21757
31611
27279
41443
3364
41888
32937
9930
28605
17484
42440
31729
16222
25588
25427
5630
35976
10990
47946
3988
21844
15067
8890
17960
4722
28454
28352
12567
43149
26104
34817
27223
10787
40773
24635
16369
20204
20429
1093
29973
14435
29452
33789
43092
40673
40280
48060
37321
5502
48840
29376
19301
26372
24155
47727
10009
11475
6985
49390
44819
41464
48138
14187
11679
21146
47070
49673
23969
27079
12786
24488
41427
45709
3647
21490
42173
39723
22545
25193
45287
2798
33841
6331
35658
29063
19193
39419
40687
47676
24990
6843
20433
45797
40417
38679
8285
36398
8676
34506
24025
4982
15695
9817
37358
45417
8797
26721
22426
40851
3999
13203
30512
48837
1374
2407
46544
45451
37014
41859
37897
2967
4690
6838
20016
13182
39966
293
43686
17280
447
24899
3608
12983
37378
7124
9992
14936
22962
32723
5465
40307
34297
49462
22570
18197
34704
34025
39674
17982
19928
7221
28740
34332
4753
16347
43467
31847
22597
24507
27557
25196
17274
19354
1291
37847
45883
30099
3465
7517
26636
22080
42156
33691
18496
18998
31022
1015
12106
23552
1513
45140
26039
47727
13477
6097
3977
32777
37275
35189
24530
33551
30071
32667
14632
16106
18390
10737
5839
32594
37240
25159
28998
47905
38693
21758
44865
19446
1259
48756
4127
45218
28819
14496
25840
43798
47442
44722
19685
2411
10256
37647
32497
13845
27348
35572
34734
7809
21650
40338
40196
35414
14436
37317
15005
36997
32540
41832
42058
7704
21305
17676
28514
46451
1262
28498
39801
13524
25003
884
48470
37575
15849
27161
10485
4928
37686
38668
2171
15913
27261
19592
36907
48750
10013
5044
9794
1550
17782
22205
12286
15574
3202
38458
18041
29070
21704
43538
48359
32635
48686
43768
27193
39033
2197
45532
26660
31727
6572
12208
12662
49029
48818
38211
13731
48952
16707
17961
1188
38623
9524
30490
9821
21400
7358
4589
22685
21129
42864
35451
48663
33981
20386
39620
30331
24736
26006
17578
34219
26404
28318
24003
46002
40978
34272
40824
5372
6208
13112
26133
6042
44471
16441
21148
36333
4854
7639
45430
34932
45771
2044
46608
27905
23474
32765
941
29327
24925
19137
29219
34975
43247
40780
37752
18807
39744
6396
33854
35550
41884
563
12545
7737
17593
23351
5324
24594
24058
12076
11072
37921
15041
8337
40196
41440
34053
7163
18778
24525
7215
6048
14945
20336
12892
40949
31204
14176
4551
24358
4005
29452
5585
46467
13368
45946
30056
20950
16277
36691
33258
16322
3885
38630
15852
37071
27582
21195
25120
41201
6931
45320
7302
14466
26245
44061
13482
31930
39892
16759
9443
42585
7775
58
10159
19341
14513
21916
42030
15963
45999
41741
40901
48915
17120
9240
10370
4695
36501
29336
39661
16838
12152
360
41679
48337
41674
20333
32221
2853
49422
26174
35672
2050
43910
21625
5728
2685
39645
41486
33407
14540
26739
35015
30670
44118
46735
8698
33725
4509
9883
21543
18515
48684
42442
70
15938
34458
6693
25920
29224
37910
19393
40622
15715
40821
15583
2822
14813
3995
15769
41225
17323
24636
34271
46837
38687
21924
10641
38254
39778
27319
48334
15977
38376
25180
31743
24876
40197
41139
21074
3823
34960
43543
2597
42020
18640
35533
10725
12124
20749
13021
28205
49818
33754
11879
44842
26224
23583
15355
24231
35580
26085
41357
5321
47687
3494
26587
4820
675
5366
40366
1366
33797
27502
45932
2713
36478
12695
45981
37534
7666
41304
13736
27611
33584
31642
34632
8811
39039
10414
25417
17953
26642
11126
28859
9083
11139
39927
39140
13242
33356
32398
1267
25295
34544
29372
20288
7906
17863
2416
24196
27931
43382
38758
31032
26581
47606
35943
15566
9684
43380
47239
6379
41557
25196
20255
26977
43139
36088
22438
19845
2815
25706
17263
26655
15521
25251
31031
967
40977
21502
27516
19274
36551
22499
1740
44645
22417
5510
24346
34704
33746
43508
4395
44642
29769
41011
90
11864
15941
20423
38424
31416
12900
34834
21875
26377
35748
807
37981
12707
12022
45933
17509
37455
30491
25671
40024
36897
21521
28772
1922
9927
43216
37312
36323
16602
5197
30191
22180
49480
5023
48535
23491
36666
40887
30518
36915
32153
46749
15033
2649
31080
37783
45418
21211
16743
46878
25093
47026
8336
47506
43788
5196
45951
16431
42348
6812
44753
2580
14224
16157
18776
16695
47062
9913
16033
16721
21933
8697
11792
34865
22169
33310
41300
18598
24373
38446
39749
33096
10327
4566
13950
45003
9314
34774
32475
27062
3183
34472
22789
48816
37023
25878
47866
7573
23755
21220
2832
24461
47360
37894
17544
29496
20620
319
6910
28959
7530
13719
45876
2297
24999
32519
11028
49920
41449
31275
4646
5693
47611
40084
21753
43714
35501
40596
1047
47428
23956
15776
8964
29021
40792
41791
38470
46051
48269
42100
27522
29754
38238
46362
35685
28681
26973
15525
31475
25124
49607
3670
25858
48668
46082
18537
38067
33420
1981
32083
13537
38211
15742
25337
3724
46619
31498
42241
24286
47189
29921
44671
10196
20135
49956
42318
4974
25244
48960
11652
23968
8731
31546
45647
21702
7670
47983
37379
26903
5438
5339
34858
14687
21177
35531
42468
47579
13244
23423
27693
13930
29730
35513
31832
22944
11435
43592
38233
26799
2854
43483
36418
11950
4696
38522
8263
21736
45294
16309
18367
33128
40255
29981
13777
32295
21685
2827
38247
5741
36563
39864
45109
11452
3124
20770
5264
40344
49759
24186
20751
18875
18567
26822
25298
765
43077
21294
31728
22134
17721
36987
31731
5416
43799
2591
29858
48035
23102
15679
113
41394
30153
6588
42659
16781
9457
19644
40302
21101
15874
16750
2189
1616
25564
43153
42244
32329
1597
41166
18747
48820
45007
42081
37662
22392
34803
36638
5206
23736
20982
41373
31002
33310
47971
811
8914
37376
5947
31099
42794
17529
22469
23216
20564
6354
46272
15389
43220
29764
31412
29050
29239
25242
16530
21237
4972
39406
42175
5813
2190
43450
22557
5557
48783
34066
20819
45388
44799
37800
25500
7253
17206
35870
1841
4711
32789
8613
28255
41675
11260
29526
842
1794
48443
19273
23309
9409
31112
25695
7073
8302
22542
358
10898
24227
9127
8004
8483
803
35191
2012
26894
42354
27555
36747
19213
31448
30641
9870
27633
44117
1730
38903
12405
38008
9600
33013
39194
16137
35477
39178
18738
38315
16086
21682
5235
24459
670
27225
37640
16103
18329
39117
8225
45789
8170
45213
35652
29876
6860
1036
26683
8673
32408
18113
26388
23442
44498
29038
24135
25777
13948
14470
21443
33364
49537
45321
37222
35076
21136
6861
36141
12854
45627
35751
18152
591
3323
30596
7772
8428
39249
32721
38175
25994
25569
42877
6029
38076
45632
39348
18660
49049
37514
36791
27997
29845
38953
4675
32507
34005
23330
5997
25851
30656
40279
23749
2986
36784
39894
15879
37935
17820
2285
25393
13413
34573
27571
40384
4529
27794
24004
3236
15846
4769
14208
19103
10867
45750
14584
2711
24679
7979
37701
2845
13586
11585
7207
44483
38723
9097
30093
29880
17056
20517
2839
43108
42667
45307
40087
15466
14900
49265
2694
20874
4135
33497
44816
33350
39769
37843
41967
24752
1788
26161
47601
31486
9698
34030
451
21091
18523
5655
28817
8170
1849
20721
16934
20342
9378
29175
46489
9538
16896
25895
42042
25221
47191
42583
596
31841
23580
41107
17912
11424
5896
18074
9423
12624
30626
14782
15701
2189
44680
16518
532
20094
37893
29380
1722
20701
46534
39276
3926
19208
38016
42416
37958
12816
32438
43441
16741
10090
28974
44978
8441
49106
29692
38530
48764
47574
15354
44510
13233
1462
33346
45852
37755
9540
18409
6675
35769
41817
14778
43157
15847
48767
26775
36705
44347
7503
40364
14551
21582
31819
23778
24764
28472
33391
48627
32772
10990
35252
33037
41645
31765
14279
43107
11859
3273
31001
34667
24875
10544
36050
24
39542
48968
29688
33875
13782
25406
32681
27556
45736
33874
5958
20460
16581
9069
45232
46213
2310
36390
47798
4186
37302
43046
8098
31320
16359
47166
29243
17548
40725
12034
17933
34922
1157
32450
13220
36170
26006
2278
41674
15350
5949
32367
27333
3715
8770
29890
26742
1549
15992
12017
25289
37447
35336
1995
17272
43737
4698
25833
42731
46441
36936
342
29801
2442
45197
5386
37848
9702
33307
7692
42554
37194
41305
42880
25112
21635
8033
19010
42589
48172
30749
21671
8110
11811
1146
41914
41822
6529
28120
10994
36630
39279
45364
28206
17740
20573
23098
29701
36336
25740
42672
4624
33882
261
11440
47955
13904
19833
49309
26801
27295
20772
13204
16804
19352
47583
40112
28514
28308
13811
49489
12565
18566
44528
40271
34179
20134
14506
49554
18870
46722
15518
12770
14053
22480
3735
9815
47557
31674
35958
10336
2046
40284
36526
23662
2862
28499
1111
48947
26624
21719
21500
35987
17960
48418
45628
45123
17597
41095
8112
26070
38337
9745
30194
29487
41674
42306
26827
36393
29467
2548
7105
20620
49389
29016
34161
34342
12268
3224
43752
20753
21026
2089
31146
27080
42152
33308
48706
32990
1267
13024
21113
43422
9177
4836
13829
35175
15992
49660
40663
19492
14739
48501
6820
10670
40696
15884
17478
31332
33920
9277
20309
5351
36659
22730
16120
44573
4732
37032
19233
37562
41682
15645
4725
45526
25211
41975
8332
15395
32386
28892
16262
17251
26227
31959
26585
31982
44750
33141
48495
42672
2942
48425
47000
36460
2822
44361
39578
25607
47391
45282
18778
6557
27319
13648
11571
39125
5353
36954
16579
39453
25377
49940
30945
43724
33809
30220
46517
21951
17584
46657
14336
48943
17756
1625
30622
4624
21373
14769
31628
21473
40293
41614
32611
48076
12985
41343
7966
588
12000
40229
6882
35622
14451
36234
14054
13210
34269
39207
38582
30074
33638
21611
25254
36360
2365
15275
1290
45925
2181
45241
41879
38051
48820
24679
49400
36113
9108
43692
5784
13285
114
39237
33396
48745
38691
7426
16701
45883
37863
1032
13798
466
10184
5503
6603
28571
17036
10018
42918
7457
45430
41107
13066
37294
14331
34590
46752
43036
19704
27805
2852
31335
28215
32921
33945
38864
19030
48363
43259
5191
15092
20330
23268
47958
41304
26774
1602
49746
49179
34451
11282
25988
9850
11435
21676
30578
46192
23129
11170
7629
47850
18591
40361
5070
4939
27861
6115
2879
30850
45856
20803
36207
24792
251
5241
311
40384
35668
29350
820
12359
39370
28190
42503
11305
32455
33078
48048
36582
1112
2058
5429
2484
38809
42741
39714
10906
26794
33198
4726
37591
21093
2304
41831
8736
28322
5609
9142
14503
3061
14263
4680
40143
32662
4490
8004
9198
2796
42186
48537
21885
4816
8382
18579
11810
32472
42952
17334
17663
22624
23477
46796
40555
38744
17487
13952
30715
35386
6202
12706
38902
37882
2283
13581
11737
38543
34098
1888
14212
23893
48983
4662
1412
44310
47843
46942
11634
12013
14216
42254
34670
30433
14463
4419
32513
1507
17159
48964
3744
37235
2379
21762
12974
2188
42873
31428
25228
11202
14473
9498
9339
32067
34122
9307
6008
45156
49292
18090
24719
11978
37693
30095
37511
13606
419
2416
24384
42905
18699
24595
31814
11636
7652
22572
26677
23700
8334
35397
24262
47048
23624
43267
47765
37328
23459
18245
23463
21536
13958
40753
938
46362
23343
43051
18543
38948
13591
17486
44870
49123
10659
26849
9370
39538
23364
34849
11987
42549
4966
23370
19590
49945
15970
32993
18785
10637
37829
44737
15499
23333
149
46127
2123
46878
13822
40819
15424
34078
10430
17934
28937
39338
29056
10456
40414
4310
29778
46942
30325
20954
10384
17059
28817
13792
19905
24186
17883
23453
43737
12903
17193
5913
17682
23267
23197
31612
30013
13363
7700
11222
26462
12857
30273
10340
25931
18869
48071
35057
42097
24238
41571
6574
23490
21722
3765
14538
28555
47418
38325
45558
20449
33570
22713
6267
18243
15655
47385
41597
8286
10504
7515
46590
45072
23400
38314
40695
7919
33036
10682
10717
31228
2327
33852
34705
25427
19210
31617
6162
2563
10165
11598
34989
49028
22017
2509
6988
8631
31707
19467
2551
38385
7120
11813
26149
32006
36383
1512
27322
14589
13230
26093
46892
48131
4108
22591
3557
43593
16439
5893
43644
44413
28623
33981
20092
49535
23949
38875
45271
27023
9035
33061
17664
639
39268
47017
19745
16234
48442
22438
44616
38519
30938
20557
47212
7912
17840
39659
43951
38913
26343
2461
38286
39036
42620
11712
3375
32512
16582
33924
26874
13171
3067
24836
25462
27148
2943
37586
31453
48116
47562
44331
40457
46108
28309
14562
22171
47280
38080
2967
231
6227
211
27293
47391
49672
8689
31077
48433
36753
40035
19218
42476
35940
28768
8665
45568
1182
36006
14893
22415
11641
4708
780
45994
49923
10751
39882
1657
12910
28643
20133
25508
38655
13399
30756
771
29712
14692
36601
10234
18069
41030
6023
1799
45866
23876
26762
18410
7348
22712
30841
34043
25054
13594
10945
35533
37036
32297
9961
13716
39288
43673
45304
7249
21809
23680
46955
1195
17060
29834
26144
23143
28923
37618
37595
17648
25177
31577
23047
48192
48882
49790
45779
29459
43743
17353
16565
5459
24188
34040
13289
42933
27344
41585
33575
49726
48907
46622
6731
41703
46753
33614
19698
22996
47326
26422
40771
36748
6893
34086
1933
16451
2788
1247
37534
16970
29918
15635
27297
36133
42421
24367
19840
11045
41754
29260
43434
37638
9659
30965
12388
25361
38276
13030
1186
42368
3742
27772
3258
32508
11657
47561
16339
22737
17087
18043
34792
7572
20720
41831
44450
27878
11757
24371
28053
14057
6702
20317
42042
1520
6318
5203
32940
21219
14924
23086
835
20176
44890
47514
34926
37358
6919
46843
49093
27990
2421
6970
25348
27944
30972
8344
1566
1496
9560
31266
14283
34603
45884
11679
14704
1929
30380
45786
21586
675
42052
11238
3739
17777
35294
44105
33478
13174
8922
2975
6350
26133
35436
20335
23500
33240
2714
28554
33078
15921
16752
7038
16756
47713
28614
33773
40282
5100
15078
31163
30213
26773
2086
25605
40806
35778
12544
21717
44042
10711
16745
2883
45387
37140
42077
11427
21312
28862
19315
29855
14510
44465
37396
18333
9422
46956
40621
39665
16740
9911
11927
24072
3151
45020
23262
16942
25525
40927
17288
15818
29526
36218
17149
22010
1649
42026
19882
12516
18311
2833
10656
16539
31497
22711
11332
27605
16997
49703
7347
16276
8312
3840
32573
22206
11810
22141
13801
1955
22586
48567
24999
26764
24716
12597
27648
33922
22426
34050
45190
10515
24757
7010
10883
47313
16661
2133
27106
7508
15564
10030
11782
1217
14960
7808
7635
25850
15936
9206
6875
6558
31448
41639
38719
11680
21439
35900
31603
9034
49351
37197
46033
10239
29037
18955
15802
23706
28783
21432
48275
6509
35596
2688
49749
41023
11093
44180
30213
28446
25660
26065
31830
40639
38434
48706
16174
4534
9545
38650
15382
38604
43822
29185
15729
740
10145
17664
3908
45171
26766
7360
34884
12999
29263
16011
10471
8022
7537
21702
24223
46880
31508
44978
1130
42536
8474
30684
6391
25562
32948
28226
10947
9173
15568
34255
18232
14659
29323
24499
18444
10083
10281
39201
11897
49906
15473
35348
27300
7644
37569
27255
12953
7810
15103
46397
43651
32633
18963
44328
5113
37010
18010
38203
22912
11458
22096
9496
45278
3056
579
26136
35318
49010
37244
33216
10815
11560
45244
16527
7884
32775
20231
35015
44524
40613
10031
18511
30653
2745
15448
30655
20061
22059
2082
5864
44858
34016
8547
13309
6148
12865
35017
34576
42261
43039
24397
24504
1268
48496
28278
4440
44937
9464
20045
6644
24858
2230
38932
20945
17156
48609
4519
13309
48904
11125
37800
6044
18920
2905
14015
40978
2607
42868
36900
12162
14651
14807
1849
539
16118
20902
16122
4459
10894
15511
44070
44154
35747
31404
26355
40840
41865
8219
14321
21090
25441
21061
38849
8060
16932
1516
30493
32707
37170
40343
31082
32300
41338
24742
13794
33731
5310
4959
22868
15081
35865
7622
44917
23821
41413
40497
24032
21109
26943
2957
17832
6059
22173
31115
4452
5304
31548
12805
31561
8666
16089
7797
24051
21356
32458
36269
13713
33130
19256
49526
20242
43054
3238
7898
27452
977
45781
30148
6027
7686
11963
9846
48717
49165
27242
42024
13077
5116
1785
5828
42107
43848
29824
6543
43532
7057
49920
5843
7821
33734
18383
12068
24210
44376
22369
235
37326
35888
45925
44015
23769
41281
16329
32392
45356
16017
6333
21387
27584
43142
17753
11638
36895
22686
38037
38704
29050
45352
27469
6005
8480
15837
31782
48328
42027
30226
35422
43852
21584
16905
14214
25218
15117
3368
3735
6369
36615
3243
42244
14824
22812
9601
25330
18156
923
12103
22370
6965
30529
9361
45751
4863
4827
37985
22554
34148
21848
31743
414
42229
43819
47204
21887
23206
20097
14227
15119
14462
29967
9613
16098
31447
28289
8663
28105
3171
20262
38865
34732
26432
36978
18369
32963
24031
43530
34031
49908
6639
29206
24650
48358
35227
18710
23073
30275
24317
5014
3348
10707
6446
9434
10167
42165
5610
45172
16009
7090
48715
49681
3893
27907
6278
29604
15604
31324
25131
16673
46944
9409
29073
41510
14314
14763
24118
15056
41221
33919
26316
14477
6890
36177
40498
31604
8336
28715
43409
44531
35186
39505
19970
15748
6405
25974
24668
6647
23382
4647
3192
30692
38130
15494
38436
25499
35467
17579
32441
13456
7794
48966
38621
22427
16275
7682
30322
12406
36840
26182
38619
42641
33163
46788
13156
16117
12754
44457
20465
10050
18157
41814
22255
49208
47403
6043
21660
14842
45392
940
14312
4215
48826
10541
9378
28022
7359
2905
34550
20780
37803
38317
47558
29568
48867
11862
48193
30473
25200
18153
35949
18250
7707
6589
28250
7622
38316
13719
34090
46447
6655
47815
40861
4190
21209
5563
12774
20830
7359
44909
31741
3902
11539
35271
20329
33997
10491
12429
13548
24413
15316
21119
25487
19690
6949
36762
15052
40074
46144
16754
11744
11879
27070
47262
49740
36091
49580
25153
26059
33046
12804
15535
37986
44089
49488
19666
45732
28706
41036
44800
42784
41561
13753
21715
41697
29009
7704
4023
38961
37206
13242
24340
38309
240
38198
31846
38671
5692
18383
14313
6867
7891
24166
9622
42337
21373
43978
18265
17005
15243
19253
4567
47754
2307
2680
10691
2543
29097
5861
42540
37497
1946
4170
6731
18135
49176
35294
36665
15609
22373
3209
22130
39347
23869
9799
38781
28584
8440
34630
17226
36620
22972
24852
7902
8042
25518
44869
16929
20860
26423
34764
47058
21516
35519
13530
3395
45398
48380
27980
15639
16155
31624
18546
31449
19305
24735
1829
42812
4761
9279
2614
28184
1775
7824
46711
22015
47994
28468
11306
31899
6945
5065
448
7438
11712
6414
7033
16644
45099
44637
36275
29364
15295
45954
23741
16622
26878
31454
1626
32102
15257
3223
25232
6767
39959
24281
40895
45681
23575
43974
31555
37817
5916
37557
36609
2629
28474
31634
11304
32033
33105
11161
9595
20265
32323
13432
19239
36628
28893
27985
22600
28901
30366
49376
2231
31143
45376
4785
13856
46606
6352
27697
1746
9370
33375
817
12875
20142
7375
31792
35503
6658
32618
48557
6151
45971
7109
46289
11003
8050
19470
31855
33963
29561
47861
25335
23246
27380
8433
37750
43357
22948
30102
6456
39008
30705
35183
40305
28685
29458
36234
24663
30061
22094
24959
42438
7198
16945
21536
24996
43809
14427
12864
31406
48463
15539
35203
39369
13440
28184
2697
28027
44563
23952
39554
30359
422
16817
20560
34773
5232
19986
45194
18783
11035
14868
16149
25123
6540
13271
39123
475
39058
37754
12773
35595
16729
7352
10438
874
28207
21538
21805
10931
8812
46004
48420
13827
42360
24023
16619
5482
47372
14149
3995
13432
34783
16900
41713
22576
36614
46643
14713
40295
49014
22669
8993
47855
38511
748
44612
39050
5335
30717
29778
37348
1856
13252
2187
46357
24758
31449
23748
17871
23456
47047
19111
39787
47110
32404
16000
3686
17900
32232
6385
48444
4644
33637
32675
21389
47993
19344
36260
31466
16035
14393
47704
1011
26547
16813
47983
38338
26690
16596
10767
29329
18600
36667
26355
49015
38207
18119
41844
9654
39828
12444
41984
45015
36214
12819
21684
47145
12087
9728
15869
7609
17365
1084
46719
34197
25788
6602
23251
39730
5480
49610
41723
46159
33735
12844
45932
49601
47643
18392
24582
2474
17612
31588
41463
43550
26451
10433
45353
41381
40155
19548
33047
23426
47730
16889
16038
17726
8073
3012
21023
49266
22213
13378
41112
31005
4498
6600
21840
7559
3546
36134
46884
41573
7009
20829
31017
42224
49948
19016
9631
43846
21860
37043
22725
25230
36342
37135
14929
6334
44358
17162
48326
10286
34135
35237
1841
17873
17884
9439
8951
15122
20369
12155
33420
31485
29452
23380
25557
45081
3659
34418
46233
22234
10696
39921
37102
18793
23825
32288
20953
17878
16465
23373
27004
34683
172
44154
45450
34135
28470
26114
17280
24998
27209
24106
30296
42433
48810
36484
26465
37502
48702
42026
27118
1828
9846
28206
42464
47238
24137
8422
17490
29286
41471
44671
18093
22496
44177
12583
30216
2501
45122
6894
14496
471
13539
21510
30554
3227
12266
1460
6460
3424
31024
19225
32087
47667
35292
40974
29934
49850
46420
38397
20213
47356
8348
13205
5842
42713
23100
2517
45691
46442
24699
28234
22123
13246
11589
48156
26691
10452
41679
20412
25581
12523
33082
23373
38509
41045
36148
20518
35836
14104
11937
2755
20770
39966
29679
12223
21411
26272
48604
19434
31799
23430
9034
43324
12334
3800
40713
27853
45195
9210
32618
24099
5541
4314
40084
2788
30457
42309
7941
36762
39697
3935
47792
9062
31185
26086
9500
42477
36449
2089
6835
14635
33636
28826
25533
41757
40267
19574
44919
7395
47763
40859
22947
11675
28418
18922
13275
1969
11372
33789
24636
38114
20797
34958
40006
12073
46210
35187
26371
14032
41821
38608
4244
31015
17116
20227
3419
6028
2062
34570
31223
37881
42561
28839
32849
4063
17916
13726
22805
964
41854
6058
21624
19293
10288
23150
36262
372
6947
46475
34538
32271
49164
35259
47150
23604
44397
42461
4702
18531
34189
28706
8427
31402
23144
67
9695
578
23286
11731
223
44659
32040
10962
19559
5462
37897
45212
39748
23105
15616
34988
11267
14557
28754
10061
26958
26548
8209
43071
15869
2768
42753
19952
41545
34977
25791
21376
33438
33173
2411
10883
38844
14926
48342
4849
40328
29289
9785
2374
33940
34763
41282
27476
16086
24372
7399
2731
37934
10383
38124
48171
34529
40213
11780
18665
14578
9530
17711
44656
34447
22640
29441
43232
49111
33803
45764
4094
38313
5813
24746
25831
20181
40890
4000
26726
606
33214
25228
7114
48265
36714
16746
24541
32111
33443
46892
25596
15220
2791
43336
5052
638
36979
9140
35777
43721
45104
5804
6003
9247
6562
29931
29009
36784
41743
10336
29046
28061
35310
8850
1003
5769
17621
18477
33123
36698
4435
38463
18284
35603
38526
47581
4523
31298
47678
34920
12365
13266
28513
41539
4910
39592
11248
24157
49336
1306
25804
35660
34004
2208
11354
35758
1015
15805
48482
38677
6588
30702
38071
32174
44665
5063
9551
17976
13089
32759
18496
24721
28329
1417
39322
2901
43654
47606
15122
45752
32489
47232
20658
7031
5191
19226
47925
11193
49183
25209
19636
4139
6031
46763
7492
12679
16321
28535
25903
23614
11848
49181
30201
30902
26002
25642
47904
38040
46344
34556
37512
15791
24568
43364
26532
7145
35006
12519
8837
19426
39211
11044
2389
4003
11963
42885
21442
9294
28598
22649
4290
39416
26854
15612
32397
10312
46986
46411
5340
12879
38836
13653
10107
17362
21931
39409
2775
11792
35321
27062
17644
23892
12761
21636
19922
40119
43943
30012
42684
666
1734
29263
3190
39258
43876
40858
43322
15365
49074
36711
23702
28362
33452
23350
7021
17663
10150
35979
19719
33927
40507
20930
31977
9755
43477
2376
15258
6763
4806
33555
44811
42696
45279
4870
47295
7618
1699
44252
35611
22859
10529
33508
8030
7346
24273
39332
36676
44013
33097
689
8974
34903
34505
2535
10676
13494
10559
46282
40945
22495
31589
47174
32024
32476
42693
19553
2020
26463
39193
15872
49251
38090
48842
24398
27639
15393
133
48150
47993
32314
16073
2589
29929
24077
8842
22713
35373
1887
45957
35942
46596
47101
39125
41618
19234
15658
2805
43576
23592
26224
40978
2630
49860
6825
3365
33787
43490
24168
23991
37803
47892
29024
46357
32469
17596
47058
28949
39361
16507
39559
19953
17330
25618
25085
20558
36880
9125
46022
37305
46818
39969
30788
34798
9788
41621
28429
40189
37700
43136
24241
6411
21339
16627
47957
4746
34224
32040
46660
46424
4193
5986
35080
7742
10747
10656
25113
38299
49110
10741
30247
39480
49226
37525
49287
13888
8095
48391
46348
35184
17580
21206
40050
49485
13498
24373
1262
34511
38692
1534
16839
45979
32979
24045
1005
16934
24005
6926
45120
47780
13742
45231
17916
2217
4511
17764
34013
16236
39236
1514
19012
10886
46916
11784
47826
31032
20104
12489
49885
35688
7691
9760
21814
27978
44543
2111
7073
32897
15678
19117
49865
16890
40072
32321
1317
2918
1403
31123
42592
45694
48768
7879
20436
15608
1696
35910
29906
4798
36779
129
44081
10326
28558
37313
9130
23091
11065
21374
30135
4566
24305
16200
31266
26193
6150
29083
38441
24428
39386
1561
44059
3298
4547
43775
29060
41254
5864
11164
14820
47996
18469
14982
34762
20998
18213
48596
48500
18628
33806
29453
32806
45952
15301
33431
48767
48374
38499
11013
8826
18382
49244
29497
11008
29953
26327
45738
31335
10816
7237
33683
1872
36802
7628
20783
28210
43145
10466
15621
22739
40086
17562
40235
9546
4448
13987
4677
25384
14868
20516
197
42099
6526
28500
18928
3758
9986
25449
42404
16896
28872
18837
31337
44663
49763
4387
948
30945
41094
8533
601
26544
44688
47224
25261
6234
42932
22598
31193
14306
10487
28964
16650
5835
21636
32215
12901
43263
27560
31777
23605
40834
39330
7503
9133
40048
7762
21533
42121
37907
33037
8957
28788
30425
20554
3291
19994
33227
25915
41122
24517
34808
3413
31690
36640
35406
49663
33190
39211
699
38434
23642
37049
15932
46587
26839
28794
19786
16214
30071
3308
48509
44893
25071
11936
22248
48193
49328
7117
10805
7709
24150
15304
25620
12956
38607
44814
44370
16526
32129
33318
2028
41202
31167
18668
3109
13465
48198
40735
1012
42537
33793
44622
3848
10624
16949
15505
39018
32514
10945
1574
41244
35832
32791
9989
22015
5015
5875
20
32553
28245
14044
46974
21515
17137
37836
3582
48739
13657
13504
6253
30082
22503
42731
40486
27257
45663
434
39811
47629
25364
10876
17322
14685
21116
25419
38814
137
46215
6710
6769
31331
40705
37827
5698
48139
22589
36988
47552
17489
312
7959
1241
12626
45530
35039
964
42246
24557
11502
40921
15226
49676
2742
32904
38641
25334
15021
19674
16553
22144
43985
48492
43102
20271
7594
42615
36040
35005
2034
45083
23771
31252
49098
34797
20228
14194
29631
8799
36389
28380
6238
25267
28544
15203
13648
7449
31174
36179
46856
16617
28690
24048
6393
34056
9192
22433
18717
20443
48729
49598
4918
33002
13491
15577
34354
46212
6367
13658
2629
31775
26537
30147
19407
49048
12496
25511
46591
24023
34337
14231
47165
36083
330
24034
29337
18819
8314
39185
27193
2837
47213
37589
47206
36619
21541
8764
22166
31055
3244
27079
42455
30429
17237
38850
12074
26457
24041
45338
24919
30895
38669
29577
46763
16109
19292
4632
2916
37001
27461
33646
34214
19831
24722
13105
28934
39693
25550
46722
1467
8875
12755
36449
28227
29473
36341
34370
20613
40293
16897
21059
25
38574
35343
36357
28231
47718
2451
14054
43320
5934
15032
25617
27786
4263
26608
49114
18131
3679
49532
1374
38401
3539
24264
48522
6153
1942
3262
1729
13030
38951
38606
892
31915
1934
5258
21160
29699
4063
8888
20415
40497
38733
1611
15010
42025
26215
30820
11549
17173
36668
38730
46744
18932
29302
41775
25961
41906
3057
41825
9185
26066
9348
10791
43107
36352
7236
24479
1405
12488
5889
33843
13420
21800
7366
23695
29595
914
15218
39701
6031
2855
45147
19499
24218
27966
11049
38412
47328
22392
13534
41848
19524
27802
21446
28588
18579
4922
28910
22108
5316
7157
30115
13503
43029
43093
18474
4212
6994
47042
13919
45044
3908
31799
47100
16938
24355
46663
6781
38310
23618
42912
31892
43277
3480
46801
18597
17114
25767
3368
42297
435
18973
45965
17282
10922
18278
3601
46249
28328
43028
35637
25639
46892
28755
2278
10078
33428
8963
29716
34565
23405
8302
20796
35638
24213
3041
44834
8193
20121
33944
7302
22031
1225
21426
31551
42130
24697
704
7296
7805
15303
1339
40257
6347
24962
230
36176
16427
17014
25101
6165
31973
49326
9533
21809
22797
47647
32215
46240
7148
14267
46423
26020
36915
14897
24741
9265
2771
39674
29573
47876
49660
765
48094
28660
13269
14961
34638
23877
2321
3536
29242
10518
28261
30930
7160
43039
16314
5918
18341
3743
6724
26823
46352
1417
27307
10550
15631
33953
13578
16120
45907
4060
47918
1237
30306
36789
26771
48373
20657
20484
20854
49707
35957
4181
32191
40874
41645
45696
39894
5602
35725
43431
40293
8300
16732
43206
42072
4315
24249
41415
28865
6449
46128
45695
42289
45672
42922
44220
39366
35662
45196
26316
37197
31163
34791
45867
12760
11538
37762
37980
17913
23081
29828
47886
37897
39541
18396
7454
23378
16177
20584
33563
43027
6511
31044
45162
18255
31894
4878
41088
17519
7910
26479
45429
18401
29013
19509
30512
13813
22216
48158
46041
28398
40804
18915
24355
33350
26048
34415
16132
26127
46792
5464
44471
49248
8087
18716
13798
22384
27948
24832
49176
8570
31244
41597
46085
31932
20762
45617
25806
13415
49518
3815
1186
31262
42916
9861
23252
22127
12844
27545
10559
13275
6460
28361
6129
48280
34828
25094
37787
42406
18833
45426
42292
43268
20525
7693
48998
5317
6495
8278
6328
22223
41178
39040
47348
45934
24350
8980
30245
28411
36196
49406
47729
32570
4494
42028
23881
14226
19868
13602
20579
601
29748
29283
25551
46384
42336
47360
44170
27051
15086
5988
49011
30055
47908
30891
19832
23956
25794
10411
23453
15212
19756
37806
25453
40339
10437
3507
18383
21306
45152
547
33750
41952
5278
48622
24106
37229
45503
42983
14662
10549
26840
14387
8149
4689
12655
2325
9006
11618
32249
48693
1546
13796
31389
41571
28729
11174
45232
16393
13870
45650
37617
25837
38297
30379
10882
12807
26740
34542
17522
1344
19013
15902
23146
47328
39292
41687
22914
49842
46975
8063
45158
41184
32013
4529
29337
16423
8874
43833
4152
9016
3802
2879
46358
4842
30858
28112
5825
30320
48078
37333
39007
5972
8009
32066
36730
13982
27653
37985
2631
21567
19114
13757
43450
13705
29721
5707
18657
40342
15894
17147
46582
24842
30770
8740
20962
16140
16414
26252
32125
45257
36768
6941
31633
4025
11114
40816
24224
33931
7998
16637
24968
11800
23237
14472
18230
34481
20046
3362
36284
6795
15800
39362
41808
9585
25119
37352
33789
45991
5475
41729
42562
45422
7312
36176
5661
21415
9299
1861
36056
46194
38733
1712
9782
13814
14843
36910
40928
13496
2378
34398
44549
22237
19439
36622
42460
17258
29212
24653
24800
47864
14760
25659
13397
41132
37343
46402
45218
38638
36131
49387
848
37840
48453
25714
24313
12897
39656
1191
23052
604
21696
24146
34922
22866
2235
31069
25126
10172
18689
27285
49957
36835
4373
8823
48007
33129
38048
16437
26975
24287
3205
8406
2476
30988
31292
1829
214
42234
5450
34984
39632
27455
46722
18261
40717
39732
22190
47395
42239
32395
23493
35103
49354
39170
8304
43522
26172
19442
35625
44743
24673
5054
3116
3297
22810
29569
45912
31248
46454
37179
45794
37020
14022
249
41663
25813
3864
16448
44724
24500
15499
30803
19316
43972
17017
41079
7080
11695
48775
2563
24017
15665
19551
10537
22622
9622
33520
9266
14283
17791
7876
4819
40325
31702
32224
43638
26118
32345
46256
20115
37453
42361
34324
32665
27955
13952
23381
44093
46052
2610
3037
14573
20796
1553
38658
4030
15969
30779
15809
6387
28787
21034
45928
18422
36813
14199
16892
43911
19864
9464
4744
15684
49380
3727
36552
21243
25462
40978
43170
47187
7183
42715
18264
10128
11317
5807
28700
22681
49152
42800
10922
11541
7963
41039
44155
29914
17403
7773
13516
5402
48975
7855
43378
36651
34890
47622
826
5850
2565
15740
13979
11616
22433
4093
42653
43346
21742
11909
26000
32330
9291
16465
36020
354
22367
22608
23313
30098
26321
30440
45074
22681
6372
25444
16201
36639
11709
10369
42869
10995
49165
43950
40636
9154
38923
18794
29774
11229
15065
1882
3426
40397
47424
39412
17867
40986
5078
10943
44259
24118
37380
20740
36361
22147
41187
9533
26066
20368
47698
38386
33302
18408
10357
28579
33299
16589
30018
29531
8943
48998
13980
34355
36767
37375
42585
41085
34822
17411
44151
19217
19215
33665
11100
21168
9426
30322
197
14483
6361
47835
15835
29376
18941
17877
1197
7846
16527
34343
40586
33901
43390
49879
10649
49461
37799
40962
20342
4398
21798
26538
32241
42549
22664
38868
42274
16998
47131
279
45815
9809
7872
22752
7770
45931
21155
29902
29894
1910
42903
15914
38641
44169
21754
49955
9735
6983
11879
2604
1632
1692
21538
17028
3968
32857
4455
8522
26214
48822
32317
13757
23287
34152
16746
22502
35976
31041
48835
27705
35182
40805
31134
42054
10590
6983
45818
521
3911
14772
38467
36951
45034
41501
48534
36321
35403
19853
44593
24194
39683
18421
21798
9203
44163
14426
48278
21800
35900
17679
41312
18563
49310
6542
37448
11683
46326
19559
32968
23632
28231
37164
23610
17657
29874
36197
1155
20987
31058
77
5855
686
19322
24985
213
29795
45513
32249
43339
41587
43703
41602
15661
9942
48388
34001
22082
25385
26878
20375
25579
10373
47024
24939
36045
29564
11665
16491
23915
545
38989
2238
43026
13098
36694
38861
3321
665
39427
33191
18217
45893
43908
25306
36990
27612
17081
17630
43228
704
44417
49713
43769
44847
44680
922
5036
43420
16054
46265
24539
12614
203
29283
37873
48565
43204
9657
39973
34852
27052
13989
35487
39761
49965
24590
7913
11098
3827
46591
24858
2591
38734
20258
48657
24266
27701
24465
6050
1444
36308
28997
26426
40514
4104
40750
14638
30880
10798
23395
22857
24252
32374
31195
25748
30060
27610
33689
26596
754
27523
21607
11637
26476
30434
15958
16744
2674
33227
17723
40415
7744
45275
47348
42024
3980
25803
47921
34536
29567
14088
30934
23800
12536
12951
33331
26729
33386
21465
8007
8178
45221
27249
28147
41466
36914
41090
46331
35610
25474
37298
912
11461
2230
6544
46412
46858
43978
27201
6789
28755
6553
13904
6151
15683
24549
5824
26644
18394
11957
11169
41675
15277
44602
49950
24127
19340
1910
34369
22316
48690
48548
31390
46298
21828
34214
75
37369
42381
29310
27107
6164
31889
38595
44516
46280
36532
49159
48807
28738
6853
30317
17974
18113
17805
7884
17199
40007
17876
13471
38679
3225
7621
49906
5724
38910
43794
25045
37868
7931
38094
28346
12427
49746
36788
15184
36623
34942
13358
24083
34231
24709
31213
28284
33019
11269
48643
17805
9849
41589
48007
22049
33648
34462
37549
43032
5145
31619
21277
11251
3557
47104
22502
40456
26522
31065
24435
30260
27241
23740
10647
29794
32756
6518
32606
11793
15259
14677
41703
32180
36498
28227
47542
34026
35219
15784
46241
23684
23836
29886
41864
18376
42958
34536
24837
18524
45282
15564
6422
5942
22968
36365
40848
26308
22177
42183
3302
47927
39769
31684
30701
21179
16490
300
19569
48343
48140
14099
40418
46666
28901
43774
2137
48957
17141
20097
28356
26755
9813
23590
8619
48366
33462
25004
15996
33610
37556
44945
42002
48015
20081
25761
15892
12569
46623
16059
46739
40020
9056
6671
6929
15054
36405
3523
38377
22886
23482
34034
41534
34133
16473
42078
4130
27093
34313
43397
42218
41532
21716
11233
1800
31886
40014
6827
41697
6260
17103
44178
49360
23573
39408
1922
4268
48559
13896
44694
16279
6609
5461
19866
28809
45291
1952
13749
26939
10042
33188
15754
29654
9629
500
35008
4853
27335
6977
45685
30073
24964
32044
25945
48366
10142
32018
46109
27710
44681
22557
17269
46644
46781
10243
13072
19004
709
13538
44801
27280
48462
42476
10628
42716
27103
3298
10265
34514
42768
2835
13490
806
925
20910
18452
33452
26608
3581
602
45573
31176
43267
48552
10269
38943
10965
18393
10995
5476
26513
12208
31147
9282
45121
13606
49399
32390
8696
9875
28271
34777
7718
618
13117
36537
3538
38140
19004
14329
3970
22805
18977
18147
26970
9368
21114
7973
27865
12500
27771
10696
46935
34190
37970
27821
43469
14519
139
18929
21254
39721
11586
34128
45469
14565
29783
7938
16300
8589
10958
39575
39122
19090
28889
10098
31070
44510
38425
8510
10646
46833
12783
45185
20057
48957
13175
39643
23837
1916
4687
41492
45444
29597
22329
46769
12504
26296
14579
47603
27338
19186
16385
12157
20443
39195
1845
27050
977
16700
8814
49066
35922
16288
36246
39769
25777
47824
27393
8860
287
13652
47096
21654
3623
23722
32228
23931
23300
1376
4491
18407
23823
1752
25029
35994
49209
19080
23182
9679
14125
34621
46989
45568
12266
47972
41450
34370
38017
2317
42871
3976
26018
37757
15837
1087
36911
32767
29877
46684
11255
34377
39313
48589
46719
16607
28528
36712
49022
3428
34965
26546
48403
47704
39211
22892
46687
32931
31817
11725
31986
16257
32652
16648
16939
24806
29048
22672
36553
26444
24005
37675
33255
13325
27210
46106
14064
12835
27448
21464
27114
15298
4951
28819
18753
1602
28582
33947
30584
41557
48963
19292
221
37611
29819
8460
11405
28319
6135
30022
49264
38064
26446
5947
9731
24414
27766
28865
25403
42493
45392
33452
23153
17145
38375
47063
38693
42620
14523
39086
38432
20906
45656
32672
26437
17574
29491
16165
39147
32758
17489
990
32284
18090
38865
12827
18087
7384
49222
5549
2594
2400
17994
3056
22813
5673
1765
42234
44268
8633
35950
2951
35949
17498
32678
44316
34556
1516
32638
45497
45054
182
29693
832
21327
16593
10688
29254
40369
28916
4553
28773
36831
47985
37840
9749
34805
1376
34383
45261
1435
15255
15848
42907
28682
38348
31751
13104
7135
47866
15393
41758
619
14556
10964
3273
32126
16131
4079
40887
1969
30703
42864
16509
2329
32240
22519
34361
30755
45229
39344
24639
49506
43511
483
6590
44369
49991
18737
48232
32670
17331
47418
27352
34346
34382
1765
27876
15526
48526
2466
26467
42241
33179
16269
7232
5204
13702
14918
32321
32309
48426
9112
49662
14370
29754
14522
41233
6802
20882
48911
21154
28878
41737
13979
49043
27429
47088
35193
9915
23569
23256
34502
40695
35707
4177
12790
47193
45778
27960
4190
14746
29418
28126
10023
34877
8638
45168
46749
49939
23119
21653
24557
22617
16166
48212
42405
44398
26426
38605
46408
28756
15245
38997
48303
22383
41091
45239
22183
3346
21450
47176
48037
20750
42614
6455
37531
39036
22072
37355
21476
33764
35789
24824
21585
13086
28508
35676
7146
22128
15570
38925
42001
34620
20776
3400
10384
35833
22421
40094
39382
13572
18453
12872
23378
10722
33915
18317
31575
38992
42754
2276
4766
49789
2276
1723
2622
6458
21272
38523
30712
39133
7683
1321
36356
41144
1011
29503
40276
48031
27586
1749
31403
32869
38831
49004
42787
22208
20481
18779
22722
45952
25945
47906
22366
9686
33409
49235
36830
20756
6539
7237
23565
10716
1742
12723
13164
35684
5846
45362
13867
35263
32270
19876
46641
9956
47004
35331
43100
87
36930
26140
28012
41246
45425
19093
22103
30918
32423
48413
42724
27641
18802
47608
35479
7030
33784
27097
17115
22720
19393
24780
46646
21777
22771
30065
1969
8804
912
39435
13931
3872
38287
20614
24730
28329
11896
40036
49019
4805
20451
24287
46981
9781
3577
17548
16841
25143
40075
13412
10916
26893
8095
29103
35330
26888
5701
12951
1
13948
24309
37435
13716
2188
10948
4300
2204
4473
45503
31344
2871
33948
4197
20158
33275
16721
12271
7433
3215
30084
6757
21638
29746
3130
32214
48704
32754
5425
8838
3325
29200
26129
13579
11735
36188
33474
14668
36863
26963
37669
27199
4157
35599
48060
7042
46373
12145
40616
23105
14621
24490
40485
48949
690
41386
43305
32103
14637
28746
9054
22482
34570
3765
45657
4313
21571
14756
46665
49147
5230
28888
11603
48949
20702
34328
42535
945
28040
13344
42762
32572
272
22459
116
42042
21510
14518
1985
24581
47436
31800
35330
22062
31267
25674
14818
6701
18963
16771
3999
31420
44702
39446
35708
23146
34847
21408
18255
26129
21584
31394
6288
33020
9734
34482
17608
28144
44840
38301
11444
230
10123
3411
19363
37153
42362
16590
1626
38578
9631
25856
9882
9777
4434
10862
32180
32082
16962
39645
8718
38066
44608
38775
38604
36635
44978
8468
21297
4829
11958
22610
13524
25632
5886
38469
26075
36179
34873
46049
26047
10307
9629
36072
8538
7393
33258
16567
23432
40807
2503
28448
33228
15377
36139
47546
35160
12849
13228
37615
48547
24885
21275
48389
28822
9246
48684
24530
47644
49290
18854
31147
47790
18566
32731
39699
36613
36689
43217
18894
21445
15159
44600
44772
24792
31669
32259
37825
23883
49102
44526
12141
11421
5351
45080
9677
48933
16089
12191
32354
3300
52
21737
19431
46632
44588
23944
28518
6140
41666
9433
6760
47482
26978
35514
1971
46862
15815
42909
8936
24254
23086
32341
41697
7285
28447
8014
24711
48880
41569
33432
2707
35252
7218
13033
32341
26523
48018
28137
46464
37146
33852
2947
22177
14139
23951
11281
7674
36064
4652
8449
18031
3451
9712
7514
17517
8097
2746
37755
10346
17169
22307
18418
18552
12850
21473
5728
15737
8474
36765
33620
38516
2910
48117
14237
79
47624
38771
35665
2162
45508
46910
39350
46546
6456
18382
25103
3469
29072
27590
8258
29400
21342
27317
35167
11017
10739
32041
49301
48838
17091
14640
24043
43072
23844
22369
47438
35122
43147
3434
49611
48966
38195
15080
7367
22576
38712
11637
9370
20867
24431
12587
10298
18128
16803
24570
4840
48455
12661
5074
3233
48918
16515
19696
7559
33400
17154
5516
23342
20545
9137
8176
24641
38739
34652
21397
49082
32581
35981
24524
20203
43995
4686
46888
47238
20675
21461
40006
41890
6474
26511
43483
49213
49399
9402
31781
16016
12669
14163
21583
18420
33934
44187
25751
29932
15943
34282
36280
37006
15111
16296
42133
35500
15443
46934
45457
16146
3486
44510
16649
13542
44460
8033
8876
23783
41834
27847
9130
16216
48382
31775
25308
1061
22550
33233
6435
29352
17831
46183
42033
43851
40937
2335
48592
13355
28721
6102
41187
18564
49288
42669
37209
28325
16433
29485
10154
42690
34332
28326
36888
9524
19574
33367
48703
46900
7103
24350
38735
10066
26976
19226
8730
40046
9949
15003
38326
4183
17957
9829
27328
7387
7385
8700
40160
20692
14828
49017
47418
29860
48801
37006
16514
32296
21311
19850
47588
26224
2861
44217
19976
11328
8753
46701
34012
36932
36691
39423
6426
29846
36119
48683
43682
10998
5727
40089
2818
48533
32681
21634
17604
18366
5564
45628
6152
30059
34488
16199
45643
39096
33037
26591
32902
6890
48335
47511
44511
39023
28896
35917
8697
29574
44510
20432
37866
36769
14358
15727
1020
19918
11815
2095
42023
13174
13915
18054
33636
4400
41461
38467
41458
12616
13507
5511
35371
8278
34678
32886
10729
48054
814
18128
1476
23284
20924
9050
38460
8335
28851
24955
14530
48265
13436
5350
2995
21111
28391
34758
13299
7327
3451
37754
8579
25646
43321
15499
16861
19622
30421
28941
8117
45567
38261
8342
46302
17515
29362
36208
43058
38176
45368
45744
10900
3033
34109
43406
10858
26103
20023
28337
39258
30278
17773
6395
34810
27847
26529
7162
30514
28068
37229
34897
16705
15776
35923
10792
21626
37885
46252
26333
273
24039
46176
7387
35102
31626
2896
28008
5564
17328
44700
12504
2327
46621
21984
29448
26606
3799
37199
7342
44818
30619
21168
13333
33906
15473
7618
3678
49663
37257
21647
658
40849
19383
45165
25289
41645
49840
46293
38600
30279
21027
37377
33440
16588
19037
19491
245
37143
12502
9537
38320
2377
6832
29828
24491
18046
13881
48773
43490
215
47056
27380
9502
4063
13106
21798
45476
27588
43270
33008
33871
30991
28308
48644
42147
11410
14430
4459
42683
46402
906
35936
12457
12772
7533
13759
4616
35532
11161
28405
9909
35246
21572
37473
6640
23955
19228
1323
7462
7080
2402
16857
32970
8698
28283
46297
49541
34608
36781
36298
24424
46252
23939
38199
29879
49654
15050
1746
25835
10787
36414
5139
9209
5458
39178
33856
44791
29007
26578
31614
21704
15915
26047
35297
46925
1717
21769
9080
44522
13526
47165
7319
25893
17354
14156
24885
11057
14040
15111
27141
38442
12580
33626
4815
17947
42363
35323
7909
37038
833
20387
45340
40629
27439
9304
12328
36013
31496
13885
30245
48401
5439
29437
32055
5814
48094
48404
2881
39802
18341
6875
31787
26575
26809
11006
7577
12253
36201
43245
6452
39880
35020
14537
10181
1302
8884
28899
39136
41495
39037
12924
16448
36895
38594
27004
36581
23838
6010
26023
33835
32790
31230
38064
180
40218
34017
29206
2932
33681
22409
11726
24598
4427
15977
6974
11854
35824
45364
21641
14791
13326
12331
25967
47644
22302
9542
807
23160
19459
11157
23030
15636
41407
18636
6967
29506
17302
46986
42931
9697
29019
3633
14176
15404
26194
16751
29123
41588
29643
39174
47922
23309
36846
9421
31670
11171
22415
6018
10040
16101
47546
10447
14193
41284
2877
8321
24874
45283
1271
3911
2770
38528
30578
48087
18453
23273
42529
4808
41942
46250
41005
30634
4312
22145
42966
47965
46892
23554
6348
35686
26220
15728
24717
4113
31024
24553
10315
4918
39793
31948
41880
40329
32951
28794
10026
33094
39684
25840
38737
20640
475
47705
49337
25581
38608
22073
49536
18009
12798
40690
28335
3409
2158
17879
47794
19041
30336
12598
4734
49454
41105
41700
44359
2476
26989
38267
4517
608
11658
28102
14852
33270
48603
30902
30472
45605
38942
29465
13509
31689
31652
19844
45525
7424
20492
13556
15118
26760
42250
44293
11344
29306
12490
44933
7388
3781
19869
11758
39246
10347
46170
4727
40501
44240
33423
26759
28181
14453
47257
19091
8481
47534
9689
25038
28907
49367
8269
11990
24224
22844
39297
39313
17933
34616
23097
10666
6306
11734
1971
42853
37644
10790
26314
4781
16724
49812
21897
4299
48348
21810
7635
41646
6209
6488
17938
17417
17207
29410
42626
28055
30780
16592
31430
45437
34298
19037
31043
42049
32229
34032
9537
8392
24181
15713
33192
38292
19352
9226
6768
48305
22199
12658
17496
24993
27586
16295
44073
18699
37213
7916
39346
23075
18977
6001
29318
2398
25188
44026
8630
4027
33526
24508
47591
16663
36045
26878
14544
5995
44844
37837
25200
33509
48035
24716
39355
1069
20746
5204
15231
14682
27452
21780
49566
16754
24110
48580
44151
14228
10171
2707
35356
32136
28568
1000
45112
44116
2088
10214
26273
35349
7386
30445
29438
45610
22253
49852
41020
40308
14664
27902
42202
31191
45127
49442
40179
44514
11288
23357
47460
4856
36475
27552
38030
33914
31486
15055
26869
12071
19227
42905
31143
31759
33785
36016
45021
6834
40096
32181
17388
24269
37408
15019
23544
10922
17546
37584
18677
37752
11697
4414
4831
2511
5657
28644
3453
18853
9308
12083
20242
23637
32186
47654
3575
35317
6078
7514
10531
22404
47669
38172
15339
4920
36959
40186
38920
35810
15734
48484
32430
48282
28266
24483
34078
1141
11671
3061
8494
11465
18080
35122
2554
23918
10908
41065
14618
6992
23748
322
36186
1436
17927
20995
37787
40835
32953
18412
17224
20477
5244
26098
337
38679
37278
44534
43388
14167
3644
27508
2519
9294
5889
48074
25800
11652
26318
28317
47795
13286
28201
39207
29972
20805
27577
45131
17481
32561
45047
44218
40820
37528
39419
16849
15320
36112
34679
16059
40775
13978
39212
14485
8045
44678
31050
43532
26815
17789
37946
22528
4350
39688
26062
49303
1519
33122
19209
41224
42816
45777
46436
34834
40665
49568
5950
35241
20115
11987
4995
6897
45753
24961
18717
15474
49619
19910
2475
16438
19428
20877
19939
23919
19471
12647
27311
17758
9155
25889
9679
5696
18660
23657
48090
34308
11752
15312
23485
37974
49807
37955
33829
29277
35504
22710
8873
8056
49550
25539
15444
2752
21900
7094
14869
2716
44366
32743
43231
6187
47764
45148
32122
2614
34923
24782
40137
23497
19197
43283
43943
36998
22159
37729
5244
34557
28461
35611
16946
15923
38775
14062
16440
34023
48375
18573
37750
15378
1353
1198
38973
28689
12244
8025
18095
22382
39792
41042
34175
3139
3245
36094
32010
19939
23240
30930
10007
42652
13344
19972
40580
30946
8733
33718
9973
35271
1287
32801
22849
16819
19919
11606
28518
33324
37954
843
9769
47397
49060
23629
4061
25844
44323
418
42660
17659
33383
21692
19491
24387
28563
10431
42898
45474
11224
36916
15000
1973
15191
24322
25706
44717
1116
43167
32418
4792
41006
4731
13186
40995
26429
40396
9077
18346
2282
15787
5912
11010
22786
30901
32042
17671
13761
25414
13518
28037
28677
4055
15298
39924
30732
13856
29433
43017
24886
16270
13030
10007
14114
37926
6757
8365
14530
23369
2648
32302
2502
37737
12740
20924
16239
31738
25901
19418
27209
45654
7158
38501
16300
49104
40470
12870
15356
10270
17318
20427
20365
5888
34742
13438
34988
43172
32242
6481
13526
12824
25868
36861
41082
34397
35359
33200
38678
614
4910
22414
44492
40036
32230
45430
30576
40432
31872
939
17571
12894
7160
8751
34574
15789
11609
47835
34714
901
21848
27452
17741
1412
46201
27812
32186
25505
2499
29952
24762
13944
31866
6398
34866
11630
9836
44702
42405
4464
32268
7937
9911
38888
264
14224
28195
46274
26294
1592
39526
8764
31335
2603
13276
6482
39423
45584
597
32609
15374
28891
21525
20248
48782
25959
7335
43327
46452
16733
15434
19674
27181
14787
17595
46801
39379
28620
35173
2971
35315
246
13311
39688
43827
830
1321
47926
17530
7871
31136
18257
28733
45166
38299
28256
13709
22417
15192
13142
16488
36110
36468
32772
5321
44161
10344
23495
25794
24424
40920
32249
48150
41427
48323
14410
28208
46143
23843
11669
35662
15105
13095
37454
29601
42757
32302
46826
39051
36223
33433
42269
43586
49583
47377
14397
24281
11220
8432
11902
21107
29039
30038
43660
31873
30579
25227
20417
6720
45083
42379
5044
17478
44064
33258
8374
14774
2702
18017
15899
9438
11160
28857
13800
27151
116
24226
1812
28900
38909
29516
12255
10856
47887
3522
40091
27056
23465
25653
4997
37220
25260
39175
34004
7447
21358
16308
36594
931
1557
18164
10758
34230
36240
32536
30077
13093
16679
20734
13388
14608
14647
26127
22319
20446
16020
16408
21852
25068
32401
23860
42048
48889
29323
33513
2664
34059
19998
12902
42095
16002
31138
32090
3751
11615
49709
27678
8847
25610
31959
37356
22857
46862
23969
18075
35460
19102
6148
9543
33630
29710
13551
15128
45558
30406
48113
42971
22416
19472
45835
9445
48168
17985
2310
27709
35324
15115
39875
1044
20408
29487
33132
3358
22220
32578
40577
29474
26911
27776
44799
16183
49939
31560
44138
11978
37883
47780
47395
42351
32850
33911
4480
9967
49162
40585
39170
33711
9053
11681
18247
17832
39912
47707
3621
23247
15633
15300
31985
826
5427
6022
817
5665
35176
18399
42822
35146
35603
355
29874
29626
7290
8201
49653
39325
32309
18545
40505
33708
47177
26003
9994
15346
11120
32099
84
42652
12759
18000
13995
9685
32607
1662
13873
39086
35313
27763
28044
9868
37555
19340
22550
12112
24301
11881
2478
11861
9723
4426
26949
25448
18982
34703
14291
34387
42119
9669
21571
36477
12455
39386
13804
38349
1918
4353
35305
47462
46402
37560
17481
46682
47816
41856
34002
42884
9418
9784
3096
9491
19876
26035
40166
18741
42618
14616
27677
21771
44490
38264
42530
9965
2449
43877
7029
5498
38114
20834
43283
44309
48333
35817
31122
21538
18097
27285
24451
18741
3875
34021
19370
8577
43814
29142
40321
37492
48499
45714
467
2301
36918
43610
27171
28645
4218
32833
29945
24540
47791
24420
47599
6192
7176
10535
197
28618
4096
14335
1178
39486
28794
36680
47424
3115
36562
48845
2293
33426
43986
15915
23641
4855
14579
33944
9402
15959
2915
16698
25704
31024
20678
41843
26338
28704
12669
24742
18867
42117
28491
32991
43141
17210
10700
19543
1221
17144
33933
15278
7605
10887
10007
32842
29097
21688
46831
41243
19148
30030
41137
6352
1489
23103
37759
18682
6029
38869
32110
8805
19809
33395
3552
3495
34773
31216
3051
26302
48543
9008
40932
3159
20171
11806
25637
33091
22383
18859
36633
14463
11712
47082
14545
17458
35554
5106
26749
11495
33429
9237
1683
35357
7265
16825
16329
31861
27533
20630
22947
36436
31224
43261
32452
43543
37218
15640
39383
41382
39743
40789
15611
21259
16498
17463
49721
46417
28021
4266
29751
15122
8957
8606
49325
40884
44769
46669
6839
33891
8307
37420
28049
27796
31087
48685
4901
47629
40962
46576
22629
41665
42862
45309
31435
42020
29448
29652
11947
12778
42977
30625
24213
43550
21399
27079
32839